BHP(1S, PASS), CWEN(2B, PASS), ABR(3B, PASS), APH(1B, PASS)
Stock:BHP.csv,no_of_features:-1,future_day:10.0,model_score:0.4748717948717949,C:10.0,kernel:linear,degree:1,prediction:[ 0.  1.  0. -1. -1. -1. -1. -1. -1. -1.],Result:[(-1.0, 7)]
Stock:CWEN.csv,no_of_features:-1,future_day:90.0,model_score:0.6016260162601627,C:0.5,kernel:linear,degree:1,prediction:[1. 1. 1. 1. 1. 1. 1. 1. 1. 1. 1. 1. 1. 1. 1. 1. 1. 1. 1. 1. 1. 1. 1. 1.
 1. 1. 1. 1. 1. 1. 1. 1. 1. 1. 1. 1. 1. 1. 1. 1. 1. 1. 1. 1. 1. 1. 1. 1.
 1. 1. 1. 1. 1. 1. 1. 1. 1. 1. 1. 1. 1. 1. 1. 1. 1. 1. 1. 1. 1. 1. 1. 1.
 1. 1. 1. 1. 1. 1. 1. 1. 1. 1. 1. 1. 1. 1. 1. 1. 1. 1.],Result:[(1.0, 90)]
Stock:ABR.csv,no_of_features:-1,future_day:40.0,model_score:0.5256588072122053,C:0.5,kernel:linear,degree:1,prediction:[ 1.  1.  1.  1.  1.  1.  1.  1.  1.  1.  1.  1.  1.  1. -1.  1.  1.  1.
  1.  1.  1.  1. -1.  1.  1.  1.  1.  1.  1.  1.  1.  1.  1.  1.  1.  1.
  1.  1.  1.  1.],Result:[(1.0, 38)]
Stock:ABR.csv,no_of_features:-1,future_day:90.0,model_score:0.5580029368575624,C:0.5,kernel:poly,degree:3,prediction:[1. 1. 1. 1. 1. 1. 1. 1. 1. 1. 1. 1. 1. 1. 1. 1. 1. 1. 1. 1. 1. 1. 1. 1.
 1. 1. 1. 1. 1. 1. 1. 1. 1. 1. 1. 1. 1. 1. 1. 1. 1. 1. 1. 1. 1. 1. 1. 1.
 1. 1. 1. 1. 1. 1. 1. 1. 1. 1. 1. 1. 1. 1. 1. 1. 1. 1. 1. 1. 1. 1. 1. 1.
 1. 1. 1. 1. 1. 1. 1. 1. 1. 1. 1. 1. 1. 1. 1. 1. 1. 1.],Result:[(1.0, 90)]
Stock:ABR.csv,no_of_features:-1,future_day:100.0,model_score:0.5601783060921248,C:0.5,kernel:linear,degree:1,prediction:[1. 1. 1. 1. 1. 1. 1. 1. 1. 1. 1. 1. 1. 1. 1. 1. 1. 1. 1. 1. 1. 1. 1. 1.
 1. 1. 1. 1. 1. 1. 1. 1. 1. 1. 1. 1. 1. 1. 1. 1. 1. 1. 1. 1. 1. 1. 1. 1.
 1. 1. 1. 1. 1. 1. 1. 1. 1. 1. 1. 1. 1. 1. 1. 1. 1. 1. 1. 1. 1. 1. 1. 1.
 1. 1. 1. 1. 1. 1. 1. 1. 1. 1. 1. 1. 1. 1. 1. 1. 1. 1. 1. 1. 1. 1. 1. 1.
 1. 1. 1. 1.],Result:[(1.0, 100)]
Stock:APH.csv,no_of_features:-1,future_day:40.0,model_score:0.569327731092437,C:5.0,kernel:rbf,degree:1,prediction:[ 1.  1.  1.  1.  1.  1.  1.  1.  1.  1. -1.  1.  1.  1.  1.  1.  1.  1.
  1.  1.  1.  1.  1.  1.  1.  1.  1.  1.  1.  1.  1.  1. -1.  1.  1.  1.
 -1.  1. -1. -1.],Result:[(1.0, 35)]
Stock:CWEN.csv,no_of_features:11,future_day:90.0,model_score:0.6341463414634146,Distance_Function:canberra,No_of_neighbors:11,prediction:[-1.  1.  1.  1.  1.  1. -1. -1.  1. -1.  1.  1.  1.  1.  1.  1.  1. -1.
 -1.  1.  1. -1.  1. -1.  1.  1.  1.  1.  1.  1.  1.  1. -1. -1.  1.  1.
  1.  1.  1.  1.  1.  1. -1.  1.  1.  1.  1.  1.  1.  1.  1.  1. -1.  1.
  1.  1. -1.  1.  1. -1.  1.  1.  1. -1.  1.  1.  1.  1.  1.  1.  1.  1.
  1.  1.  1.  1.  1.  1.  1.  1.  1.  1.  1.  1.  1.  1.  1.  1.  1.  1.],Result:[(1.0, 75)]
