BHP(1B, FAIL), CWEN(3B, PASS), ABR(3B, PASS), APH(1B, PASS)
Stock:BHP.csv,no_of_features:0,future_day:50.0,model_score:0.5419108280254777,C:0.5,kernel:linear,degree:0,prediction:[1. 1. 1. 1. 1. 1. 1. 1. 1. 1. 1. 1. 1. 1. 1. 1. 1. 1. 1. 1. 1. 1. 1. 1.
 1. 1. 1. 1. 1. 1. 1. 1. 1. 1. 1. 1. 1. 1. 1. 1. 1. 1. 1. 1. 1. 1. 1. 1.
 1. 1.],Result:[(1.0, 50)]
Stock:CWEN.csv,no_of_features:0,future_day:20.0,model_score:0.3865771812080537,C:0.5,kernel:linear,degree:0,prediction:[1. 1. 1. 1. 1. 1. 1. 1. 1. 1. 0. 1. 1. 1. 1. 1. 1. 1. 1. 1.],Result:[(1.0, 19)]
Stock:CWEN.csv,no_of_features:0,future_day:90.0,model_score:0.6076190476190476,C:0.5,kernel:linear,degree:0,prediction:[1. 1. 1. 1. 1. 1. 1. 1. 1. 1. 1. 1. 1. 1. 1. 1. 1. 1. 1. 1. 1. 1. 1. 1.
 1. 1. 1. 1. 1. 1. 1. 1. 1. 1. 1. 1. 1. 1. 1. 1. 1. 1. 1. 1. 1. 1. 1. 1.
 1. 1. 1. 1. 1. 1. 1. 1. 1. 1. 1. 1. 1. 1. 1. 1. 1. 1. 1. 1. 1. 1. 1. 1.
 1. 1. 1. 1. 1. 1. 1. 1. 1. 1. 1. 1. 1. 1. 1. 1. 1. 1.],Result:[(1.0, 90)]
Stock:CWEN.csv,no_of_features:0,future_day:100.0,model_score:0.6079207920792079,C:0.5,kernel:linear,degree:0,prediction:[1. 1. 1. 1. 1. 1. 1. 1. 1. 1. 1. 1. 1. 1. 1. 1. 1. 1. 1. 1. 1. 1. 1. 1.
 1. 1. 1. 1. 1. 1. 1. 1. 1. 1. 1. 1. 1. 1. 1. 1. 1. 1. 1. 1. 1. 1. 1. 1.
 1. 1. 1. 1. 1. 1. 1. 1. 1. 1. 1. 1. 1. 1. 1. 1. 1. 1. 1. 1. 1. 1. 1. 1.
 1. 1. 1. 1. 1. 1. 1. 1. 1. 1. 1. 1. 1. 1. 1. 1. 1. 1. 1. 1. 1. 1. 1. 1.
 1. 1. 1. 1.],Result:[(1.0, 100)]
Stock:ABR.csv,no_of_features:0,future_day:90.0,model_score:0.5315696649029983,C:0.5,kernel:linear,degree:0,prediction:[1. 1. 1. 1. 1. 1. 1. 1. 1. 1. 1. 1. 1. 1. 1. 1. 1. 1. 1. 1. 1. 1. 1. 1.
 1. 1. 1. 1. 1. 1. 1. 1. 1. 1. 1. 1. 1. 1. 1. 1. 1. 1. 1. 1. 1. 1. 1. 1.
 1. 1. 1. 1. 1. 1. 1. 1. 1. 1. 1. 1. 1. 1. 1. 1. 1. 1. 1. 1. 1. 1. 1. 1.
 1. 1. 1. 1. 1. 1. 1. 1. 1. 1. 1. 1. 1. 1. 1. 1. 1. 1.],Result:[(1.0, 90)]
Stock:ABR.csv,no_of_features:0,future_day:90.0,model_score:0.5305114638447972,Distance_Function:euclidean,No_of_neighbors:9,prediction:[ 1.  1.  1.  1. -1.  1.  1. -1.  1.  1. -1.  1.  1.  1.  1.  1.  1.  1.
 -1.  1. -1.  1.  1.  1.  1.  1.  1.  1.  1.  1.  1.  1.  1. -1.  1.  1.
  1.  1. -1.  1.  1.  1.  1.  1.  1.  1. -1. -1.  1. -1.  1. -1.  1. -1.
 -1.  1.  1.  1. -1. -1.  1.  1.  1.  1.  1.  1.  1.  1.  1.  1.  1.  1.
  1.  1.  1.  1.  1.  1. -1.  1.  1.  1.  1.  1.  1.  1.  1.  1. -1.  1.],Result:[(1.0, 73)]
Stock:ABR.csv,no_of_features:0,future_day:100.0,model_score:0.5092857142857142,C:0.5,kernel:poly,degree:3,prediction:[-1.  1.  1.  1.  1.  1.  1.  1.  1.  1.  1.  1.  1.  1.  1.  1.  1.  1.
  1.  1.  1.  1.  1.  1.  1.  1.  1.  1.  1.  1.  1.  1.  1.  1.  1.  1.
  1.  1.  1.  1.  1.  1.  1.  1.  1.  1.  1.  1.  1.  1.  1.  1.  1.  1.
  1.  1.  1.  1.  1.  1.  1.  1.  1.  1.  1.  1.  1.  1.  1.  1.  1.  1.
  1.  1.  1.  1.  1.  1.  1.  1.  1.  1.  1.  1.  1.  1.  1.  1.  1. -1.
  1.  1.  1.  1.  1.  1.  1.  1.  1.  1.],Result:[(1.0, 98)]
Stock:APH.csv,no_of_features:0,future_day:40.0,model_score:0.5437578814627995,C:0.5,kernel:linear,degree:0,prediction:[1. 1. 1. 1. 1. 1. 1. 1. 1. 1. 1. 1. 1. 1. 1. 1. 1. 1. 1. 1. 1. 1. 1. 1.
 1. 1. 1. 1. 1. 1. 1. 1. 1. 1. 1. 1. 1. 1. 1. 1.],Result:[(1.0, 40)]
