INXN(2B, 2S, PASS-W), HUN(1B, 1S, PASS-W), ABR(1B, PASS), APH(2B, PASS), IX(1S, PASS), CUZ(1S, FAIL)
Stock:INXN.csv,Estimators:20,Depth:10,no_of_features:22,future_day:70,model_score:53.75,prediction:[ 1.  1.  1.  1.  1.  1. -1. -1. -1. -1. -1. -1.  1. -1.  1.  1. -1.  1.
 -1. -1.  1. -1. -1. -1. -1.  1. -1. -1. -1. -1. -1.  1. -1. -1. -1. -1.
  1.  1.  1. -1. -1.  1.  1.  1.  1.  1.  1. -1. -1. -1. -1. -1. -1.  1.
  1.  1.  1. -1. -1. -1.  1.  1. -1. -1. -1. -1.  1. -1. -1.  1.],Result:[(-1.0, 40)]
Stock:INXN.csv,Estimators:20,Depth:50,no_of_features:22,future_day:80,model_score:60.66666666666666,prediction:[-1. -1. -1. -1. -1. -1. -1. -1. -1. -1. -1. -1. -1. -1. -1. -1.  1.  1.
  1.  1. -1. -1. -1. -1. -1. -1. -1. -1. -1. -1. -1. -1. -1. -1. -1. -1.
 -1. -1. -1. -1. -1. -1. -1. -1. -1. -1. -1. -1. -1. -1.  1.  1. -1. -1.
 -1. -1. -1. -1. -1. -1.  1.  1. -1. -1. -1.  1.  1. -1.  1. -1.  1. -1.
  1. -1. -1. -1. -1. -1. -1. -1.],Result:[(-1.0, 67)]
Stock:INXN.csv,Estimators:10,Depth:30,no_of_features:23,future_day:90,model_score:61.5,prediction:[1. 1. 1. 1. 1. 1. 1. 1. 1. 1. 1. 1. 1. 1. 1. 1. 1. 1. 1. 1. 1. 1. 1. 1.
 1. 1. 1. 1. 1. 1. 1. 1. 1. 1. 1. 1. 1. 1. 1. 1. 1. 1. 1. 1. 1. 1. 1. 1.
 1. 1. 1. 1. 1. 1. 1. 1. 1. 1. 1. 1. 1. 1. 1. 1. 1. 1. 1. 1. 1. 1. 1. 1.
 1. 1. 1. 1. 1. 1. 1. 1. 1. 1. 1. 1. 1. 1. 1. 1. 1. 1.],Result:[(1.0, 90)]
Stock:INXN.csv,Estimators:50,Depth:40,no_of_features:22,future_day:100,model_score:69.0,prediction:[ 1.  1.  1.  1.  1.  1.  1.  1.  1.  1.  1.  1.  1.  1.  1.  1.  1.  1.
  1. -1.  1.  1.  1.  1.  1.  1.  1.  1.  1.  1.  1.  1.  1.  1.  1.  1.
  1.  1.  1.  1.  1.  1.  1.  1.  1.  1.  1.  1.  1.  1.  1.  1.  1.  1.
  1.  1.  1.  1.  1.  1.  1.  1.  1.  1.  1.  1.  1.  1.  1.  1.  1.  1.
  1.  1.  1.  1.  1.  1.  1.  1.  1.  1.  1.  1.  1.  1.  1.  1.  1.  1.
  1.  1.  1.  1.  1.  1.  1.  1.  1.  1.],Result:[(1.0, 99)]
Stock:HUN.csv,Estimators:40,Depth:30,no_of_features:15,future_day:20,model_score:15.777777777777779,prediction:[ 1.  1.  1.  1.  1.  1.  1.  1. -1. -1.  1.  1.  1. -1.  1. -1.  1.  1.
  1.  0.],Result:[(1.0, 15)]
Stock:HUN.csv,Estimators:50,Depth:20,no_of_features:10,future_day:40,model_score:27.88888888888889,prediction:[-1. -1. -1. -1. -1. -1. -1. -1. -1. -1. -1. -1. -1. -1. -1. -1. -1. -1.
 -1. -1. -1. -1. -1. -1. -1. -1. -1. -1. -1. -1. -1. -1. -1. -1. -1.  1.
 -1. -1. -1.  1.],Result:[(-1.0, 38)]
Stock:ABR.csv,Estimators:50,Depth:40,no_of_features:10,future_day:70,model_score:49.25,prediction:[1. 1. 1. 1. 1. 1. 1. 1. 1. 1. 1. 1. 1. 1. 1. 1. 1. 1. 1. 1. 1. 1. 1. 1.
 1. 1. 1. 1. 1. 1. 1. 1. 1. 1. 1. 1. 1. 1. 1. 1. 1. 1. 1. 1. 1. 1. 1. 1.
 1. 1. 1. 1. 1. 1. 1. 1. 1. 1. 1. 1. 1. 1. 1. 1. 1. 1. 1. 1. 1. 1.],Result:[(1.0, 70)]
Stock:CUZ.csv,Estimators:40,Depth:40,no_of_features:15,future_day:20,model_score:10.777777777777779,prediction:[-1. -1. -1. -1. -1. -1. -1. -1. -1. -1. -1. -1. -1. -1. -1. -1. -1. -1.
 -1.  1.],Result:[(-1.0, 19)]
Stock:IX.csv,Estimators:50,Depth:10,no_of_features:22,future_day:40,model_score:24.11111111111111,prediction:[ 1.  1.  1.  1.  1.  1.  1.  1.  1.  1. -1. -1. -1. -1. -1. -1. -1. -1.
 -1. -1. -1. -1.  1. -1. -1. -1. -1. -1. -1. -1. -1. -1.  1.  1.  1.  1.
  1.  1.  1.  1.],Result:[(-1.0, 21)]
Stock:APH.csv,Estimators:20,Depth:10,no_of_features:10,future_day:40,model_score:20.33333333333333,prediction:[ 1.  1.  1.  1.  1.  1.  0.  0.  1.  1.  1.  1.  0.  0.  1. -1. -1. -1.
 -1.  1. -1.  1.  1. -1. -1. -1. -1. -1. -1. -1. -1. -1.  1.  1. -1. -1.
  1.  1. -1.  1.],Result:[(1.0, 19)]
Stock:APH.csv,Estimators:20,Depth:50,no_of_features:22,future_day:60,model_score:43.555555555555564,prediction:[ 1.  1.  1.  1.  1. -1.  1.  1.  1.  1.  1.  1.  1.  1.  1.  1.  1.  1.
 -1.  1.  1. -1. -1.  1.  1.  1. -1.  1.  1.  1.  1. -1. -1.  1.  1.  1.
  1.  1.  1.  1.  1.  1. -1. -1. -1. -1. -1.  1.  1.  1.  1.  1. -1.  1.
  1.  1.  1.  1.  1.  1.],Result:[(1.0, 47)]
