INXN(9B, 2S, PASS), HUN(3B, 1S, PASS-W), ABR(1H 3B, PASS), KMT(1S, PASS), CUZ(2S, FAIL) IX(2B, PASS), APH(3B, 2S, PASS)
Stock:INXN.csv,no_of_features:10,future_day:60.0,model_score:40.0,Distance_Function:braycurtis,No_of_neighbors:11,prediction:[-1. -1. -1. -1. -1. -1. -1. -1. -1. -1. -1. -1. -1. -1. -1. -1. -1. -1.
 -1. -1. -1.  1. -1. -1. -1. -1. -1.  1.  1.  1.  1. -1. -1. -1.  1.  1.
 -1. -1.  1. -1.  1.  1.  1. -1. -1.  1.  1. -1.  1. -1.  1. -1.  1. -1.
  1. -1.  1.  1.  1.  1.],Result:[(-1.0, 39)]
Stock:INXN.csv,no_of_features:10,future_day:60.0,model_score:41.2,C:1.0,kernel:poly,degree:4,prediction:[1. 1. 1. 1. 1. 1. 1. 1. 1. 1. 1. 1. 1. 1. 1. 1. 1. 1. 1. 1. 1. 1. 1. 1.
 1. 1. 1. 1. 1. 1. 1. 1. 1. 1. 1. 1. 1. 1. 1. 1. 1. 1. 1. 1. 1. 1. 1. 1.
 1. 1. 1. 1. 1. 1. 1. 1. 1. 1. 1. 1.],Result:[(1.0, 60)]
Stock:INXN.csv,no_of_features:10,future_day:70.0,model_score:49.75,Distance_Function:euclidean,No_of_neighbors:9,prediction:[ 1.  1.  1.  1.  1.  1.  1.  1.  1.  1.  1.  1.  1.  1.  1.  1.  1.  1.
  1.  1.  1.  1.  1.  1.  1.  1.  1.  1.  1.  1.  1.  1.  1.  1.  1.  1.
  1.  1.  1.  1.  1.  1.  1.  1.  1.  1.  1.  1.  1.  1. -1. -1. -1.  1.
  1.  1.  1.  1.  1.  1.  1.  1.  1.  1.  1.  1.  1.  1.  1. -1.],Result:[(1.0, 66)]
Stock:INXN.csv,Estimators:20,Depth:10,no_of_features:22,future_day:70.0,model_score:53.75,prediction:[ 1.  1.  1.  1.  1.  1.  1.  1.  1.  1.  1.  1.  1.  1.  1.  1.  1.  1.
  1.  1.  1.  1.  1.  1.  1.  1.  1.  1.  1.  1.  1.  1.  1.  1.  1.  1.
  1.  1.  1.  1.  1.  1.  1.  1.  1.  1.  1.  1.  1.  1.  1.  1.  1.  1.
  1.  1.  1.  1.  1. -1.  1.  1.  1.  1.  1.  1.  1.  1. -1. -1.],Result:[(1.0, 67)]
Stock:INXN.csv,no_of_features:15,future_day:70.0,model_score:48.25,C:1.0,kernel:poly,degree:3,prediction:[1. 1. 1. 1. 1. 1. 1. 1. 1. 1. 1. 1. 1. 1. 1. 1. 1. 1. 1. 1. 1. 1. 1. 1.
 1. 1. 1. 1. 1. 1. 1. 1. 1. 1. 1. 1. 1. 1. 1. 1. 1. 1. 1. 1. 1. 1. 1. 1.
 1. 1. 1. 1. 1. 1. 1. 1. 1. 1. 1. 1. 1. 1. 1. 1. 1. 1. 1. 1. 1. 1.],Result:[(1.0, 70)]
Stock:INXN.csv,Estimators:20,Depth:50,no_of_features:22,future_day:80.0,model_score:60.66666666666666,prediction:[-1. -1. -1. -1. -1. -1. -1. -1. -1. -1. -1. -1. -1. -1. -1. -1. -1.  1.
  1.  1. -1. -1. -1.  1. -1. -1. -1. -1. -1. -1. -1. -1. -1. -1. -1. -1.
 -1.  1.  1.  1. -1. -1. -1. -1. -1. -1. -1. -1. -1. -1. -1. -1. -1. -1.
 -1. -1. -1. -1.  1.  1. -1. -1. -1. -1. -1. -1.  1. -1. -1. -1. -1. -1.
 -1. -1. -1. -1. -1. -1. -1. -1.],Result:[(-1.0, 70)]
Stock:INXN.csv,no_of_features:15,future_day:80.0,model_score:59.66666666666666,C:100.0,kernel:poly,degree:2,prediction:[1. 1. 1. 1. 1. 1. 1. 1. 1. 1. 1. 1. 1. 1. 1. 1. 1. 1. 1. 1. 1. 1. 1. 1.
 1. 1. 1. 1. 1. 1. 1. 1. 1. 1. 1. 1. 1. 1. 1. 1. 1. 1. 1. 1. 1. 1. 1. 1.
 1. 1. 1. 1. 1. 1. 1. 1. 1. 1. 1. 1. 1. 1. 1. 1. 1. 1. 1. 1. 1. 1. 1. 1.
 1. 1. 1. 1. 1. 1. 1. 1.],Result:[(1.0, 80)]
Stock:INXN.csv,Estimators:10,Depth:30,no_of_features:23,future_day:90.0,model_score:61.5,prediction:[ 1.  1.  1.  1.  1.  1.  1.  1.  1.  1.  1.  1. -1.  1.  1.  1.  1.  1.
  1.  1. -1. -1. -1.  1.  1.  1.  1.  1.  1.  1.  1.  1.  1.  1.  1.  1.
  1.  1.  1.  1.  1. -1. -1.  1.  1.  1.  1.  1.  1. -1.  1.  1.  1.  1.
  1. -1.  1.  1.  1.  1.  1. -1. -1.  1.  1.  1.  1.  1.  1.  1.  1.  1.
  1.  1.  1.  1.  1.  1.  1.  1.  1.  1.  1. -1.  1.  1.  1.  1.  1.  1.],Result:[(1.0, 79)]
Stock:INXN.csv,no_of_features:10,future_day:100.0,model_score:71.0,Distance_Function:chebyshev,No_of_neighbors:7,prediction:[-1.  1.  1. -1. -1.  1.  1. -1.  1. -1. -1. -1.  1. -1.  1.  1.  1.  1.
  1.  1.  1.  1.  1.  1.  1.  1.  1.  1.  1.  1.  1.  1.  1.  1.  1. -1.
 -1. -1. -1. -1.  1.  1.  1. -1. -1. -1. -1. -1. -1.  1. -1. -1. -1. -1.
 -1. -1. -1. -1.  1.  1.  1. -1. -1. -1. -1. -1. -1.  1.  1.  1. -1. -1.
 -1.  1.  1.  1.  1.  1.  1.  1.  1.  1.  1. -1. -1. -1. -1. -1. -1. -1.
 -1. -1. -1. -1.  1. -1.  1. -1.  1.  1.],Result:[(1.0, 51)]
Stock:INXN.csv,Estimators:50,Depth:40,no_of_features:22,future_day:100.0,model_score:69.0,prediction:[ 1.  1.  1.  1.  1.  1.  1. -1.  1. -1.  1.  1.  1.  1.  1.  1.  1. -1.
 -1. -1.  1.  1.  1.  1.  1.  1.  1.  1.  1.  1.  1.  1.  1.  1.  1.  1.
  1.  1.  1.  1.  1.  1.  1.  1.  1.  1.  1.  1.  1.  1.  1.  1.  1.  1.
  1.  1.  1.  1.  1.  1.  1.  1.  1.  1.  1.  1.  1.  1.  1.  1.  1.  1.
  1.  1.  1.  1.  1.  1.  1.  1.  1.  1.  1.  1.  1.  1.  1.  1.  1.  1.
  1.  1.  1.  1.  1.  1.  1.  1.  1.  1.],Result:[(1.0, 95)]
Stock:INXN.csv,no_of_features:10,future_day:100.0,model_score:68.0,C:0.5,kernel:linear,degree:1,prediction:[1. 1. 1. 1. 1. 1. 1. 1. 1. 1. 1. 1. 1. 1. 1. 1. 1. 1. 1. 1. 1. 1. 1. 1.
 1. 1. 1. 1. 1. 1. 1. 1. 1. 1. 1. 1. 1. 1. 1. 1. 1. 1. 1. 1. 1. 1. 1. 1.
 1. 1. 1. 1. 1. 1. 1. 1. 1. 1. 1. 1. 1. 1. 1. 1. 1. 1. 1. 1. 1. 1. 1. 1.
 1. 1. 1. 1. 1. 1. 1. 1. 1. 1. 1. 1. 1. 1. 1. 1. 1. 1. 1. 1. 1. 1. 1. 1.
 1. 1. 1. 1.],Result:[(1.0, 100)]
Stock:HUN.csv,no_of_features:10,future_day:20.0,model_score:14.333333333333336,Distance_Function:braycurtis,No_of_neighbors:5,prediction:[ 1.  1.  1.  1.  1.  1.  1.  1.  1.  1.  1.  1.  1. -1. -1.  1.  1.  1.
  1.  1.],Result:[(1.0, 18)]
Stock:HUN.csv,Estimators:40,Depth:30,no_of_features:15,future_day:20.0,model_score:15.777777777777779,prediction:[ 1.  1.  1.  1.  1.  1.  1.  1.  1.  1.  1. -1.  1. -1.  1. -1.  1.  1.
  1.  1.],Result:[(1.0, 17)]
Stock:HUN.csv,Estimators:50,Depth:20,no_of_features:10,future_day:40.0,model_score:27.88888888888889,prediction:[-1. -1. -1. -1. -1. -1. -1. -1. -1. -1. -1. -1. -1. -1. -1. -1. -1. -1.
 -1. -1. -1. -1. -1. -1. -1. -1. -1. -1. -1. -1. -1. -1. -1.  1. -1.  1.
  1. -1. -1. -1.],Result:[(-1.0, 37)]
Stock:HUN.csv,no_of_features:10,future_day:40.0,model_score:25.88888888888889,C:1.0,kernel:poly,degree:4,prediction:[1. 1. 1. 1. 1. 1. 1. 1. 1. 1. 1. 1. 1. 1. 1. 1. 1. 1. 1. 1. 1. 1. 1. 1.
 1. 1. 1. 1. 1. 1. 1. 1. 1. 1. 1. 1. 1. 1. 1. 1.],Result:[(1.0, 40)]
Stock:ABR.csv,no_of_features:20,future_day:10.0,model_score:7.888888888888888,C:1.0,kernel:poly,degree:4,prediction:[0. 0. 0. 0. 0. 0. 0. 0. 0. 0.],Result:[(0.0, 10)]
Stock:ABR.csv,Estimators:50,Depth:40,no_of_features:10,future_day:70.0,model_score:49.25,prediction:[1. 1. 1. 1. 1. 1. 1. 1. 1. 1. 1. 1. 1. 1. 1. 1. 1. 1. 1. 1. 1. 1. 1. 1.
 1. 1. 1. 1. 1. 1. 1. 1. 1. 1. 1. 1. 1. 1. 1. 1. 1. 1. 1. 1. 1. 1. 1. 1.
 1. 1. 1. 1. 1. 1. 1. 1. 1. 1. 1. 1. 1. 1. 1. 1. 1. 1. 1. 1. 1. 1.],Result:[(1.0, 70)]
Stock:ABR.csv,no_of_features:10,future_day:90.0,model_score:66.33333333333333,C:0.5,kernel:linear,degree:1,prediction:[1. 1. 1. 1. 1. 1. 1. 1. 1. 1. 1. 1. 1. 1. 1. 1. 1. 1. 1. 1. 1. 1. 1. 1.
 1. 1. 1. 1. 1. 1. 1. 1. 1. 1. 1. 1. 1. 1. 1. 1. 1. 1. 1. 1. 1. 1. 1. 1.
 1. 1. 1. 1. 1. 1. 1. 1. 1. 1. 1. 1. 1. 1. 1. 1. 1. 1. 1. 1. 1. 1. 1. 1.
 1. 1. 1. 1. 1. 1. 1. 1. 1. 1. 1. 1. 1. 1. 1. 1. 1. 1.],Result:[(1.0, 90)]
Stock:ABR.csv,no_of_features:10,future_day:100.0,model_score:74.4,C:0.5,kernel:linear,degree:1,prediction:[1. 1. 1. 1. 1. 1. 1. 1. 1. 1. 1. 1. 1. 1. 1. 1. 1. 1. 1. 1. 1. 1. 1. 1.
 1. 1. 1. 1. 1. 1. 1. 1. 1. 1. 1. 1. 1. 1. 1. 1. 1. 1. 1. 1. 1. 1. 1. 1.
 1. 1. 1. 1. 1. 1. 1. 1. 1. 1. 1. 1. 1. 1. 1. 1. 1. 1. 1. 1. 1. 1. 1. 1.
 1. 1. 1. 1. 1. 1. 1. 1. 1. 1. 1. 1. 1. 1. 1. 1. 1. 1. 1. 1. 1. 1. 1. 1.
 1. 1. 1. 1.],Result:[(1.0, 100)]
Stock:KMT.csv,no_of_features:10,future_day:40.0,model_score:30.444444444444446,C:10.0,kernel:poly,degree:2,prediction:[ 1. -1. -1. -1.  1. -1. -1. -1. -1. -1.  1.  1.  1.  1.  1.  1. -1. -1.
 -1. -1. -1. -1. -1. -1. -1. -1. -1. -1. -1. -1. -1. -1. -1. -1. -1. -1.
 -1. -1. -1. -1.],Result:[(-1.0, 32)]
Stock:CUZ.csv,Estimators:40,Depth:40,no_of_features:15,future_day:20.0,model_score:10.777777777777779,prediction:[-1. -1. -1. -1. -1. -1. -1. -1. -1. -1. -1. -1. -1. -1. -1. -1. -1. -1.
 -1. -1.],Result:[(-1.0, 20)]
Stock:IX.csv,Estimators:50,Depth:10,no_of_features:22,future_day:40.0,model_score:24.11111111111111,prediction:[ 1.  1.  1.  1.  1.  1.  1.  1.  1.  1.  1. -1. -1. -1. -1. -1. -1. -1.
 -1. -1. -1. -1. -1. -1. -1. -1. -1. -1. -1. -1.  1. -1.  1.  1.  1.  1.
  1.  1.  1.  1.],Result:[(1.0, 20)]
Stock:IX.csv,no_of_features:10,future_day:40.0,model_score:25.33333333333333,C:0.5,kernel:poly,degree:3,prediction:[1. 1. 1. 1. 1. 1. 1. 1. 1. 1. 1. 1. 1. 1. 1. 1. 1. 1. 1. 1. 1. 1. 1. 1.
 1. 1. 1. 1. 1. 1. 1. 1. 1. 1. 1. 1. 1. 1. 1. 1.],Result:[(1.0, 40)]
Stock:APH.csv,Estimators:20,Depth:10,no_of_features:10,future_day:40.0,model_score:20.33333333333333,prediction:[ 1.  1.  1.  1.  1.  1.  1.  1.  1.  1.  1.  1.  1.  1. -1. -1. -1. -1.
 -1. -1. -1. -1. -1. -1. -1. -1. -1. -1. -1. -1. -1. -1. -1. -1. -1. -1.
 -1. -1. -1. -1.],Result:[(-1.0, 26)]
Stock:APH.csv,no_of_features:10,future_day:40.0,model_score:25.0,C:100.0,kernel:poly,degree:2,prediction:[ 1.  1.  1.  1.  1.  1.  1.  1.  1.  1.  1.  1.  1.  1.  1.  1.  1. -1.
 -1. -1. -1. -1. -1. -1. -1. -1. -1. -1. -1. -1. -1. -1. -1. -1. -1. -1.
 -1. -1. -1. -1.],Result:[(-1.0, 23)]
Stock:APH.csv,no_of_features:15,future_day:60.0,model_score:41.333333333333336,Distance_Function:manhattan,No_of_neighbors:11,prediction:[ 1.  1. -1.  1. -1.  1. -1. -1. -1. -1. -1.  1. -1. -1. -1. -1. -1. -1.
 -1. -1. -1.  1.  1.  1.  1.  1. -1. -1. -1.  1.  1.  1. -1. -1.  1.  1.
  1.  1.  1.  1.  1.  1.  1. -1. -1.  1. -1. -1. -1.  1.  1.  1.  1.  1.
  1.  1.  1.  1.  1.  1.],Result:[(1.0, 34)]
Stock:APH.csv,Estimators:20,Depth:50,no_of_features:22,future_day:60.0,model_score:43.555555555555564,prediction:[ 1.  1.  1.  1.  1.  1.  1.  1.  1.  1.  1.  1.  1.  1.  1.  1.  1.  1.
  1.  1.  1.  1.  1.  1.  1.  1.  1.  1. -1.  1. -1. -1. -1.  1.  1. -1.
 -1. -1.  1.  1.  1.  1.  1. -1. -1. -1. -1. -1.  1. -1.  1.  1.  1.  1.
  1.  1. -1. -1.  1. -1.],Result:[(1.0, 44)]
Stock:APH.csv,no_of_features:20,future_day:60.0,model_score:39.333333333333336,C:0.5,kernel:rbf,degree:1,prediction:[1. 1. 1. 1. 1. 1. 1. 1. 1. 1. 1. 1. 1. 1. 1. 1. 1. 1. 1. 1. 1. 1. 1. 1.
 1. 1. 1. 1. 1. 1. 1. 1. 1. 1. 1. 1. 1. 1. 1. 1. 1. 1. 1. 1. 1. 1. 1. 1.
 1. 1. 1. 1. 1. 1. 1. 1. 1. 1. 1. 1.],Result:[(1.0, 60)]
